time_stamp	px_state	py_state	v_state	yaw_angle_state	yaw_rate_state	sensor_type	NIS	px_measured	py_measured	px_ground_truth	py_ground_truth	vx_ground_truth	vy_ground_truth
1477010443000000	0.312243	0.58034	1.39643e-76	1.25582e-71	4.22983e-86	lidar	0	0.312243	0.58034	0.6	0.6	5.19994	0
1477010443050000	0.733497	0.62764	7.2482	4.19821e-17	3.93543e-17	radar	0	0.862916	0.534212	0.859997	0.600045	5.19975	0.00179686
1477010443100000	0.955041	0.62764	7.2482	-1.75099e-17	-5.20417e-17	lidar	0	1.17385	0.481073	1.11998	0.600225	5.19943	0.00538996
1477010443150000	0.906028	0.143834	7.3447	0.108307	0.0417702	radar	0	0.969149	0.397513	1.37996	0.600629	5.19898	0.0107781
1477010443200000	1.22433	0.175319	7.3447	0.110396	0.0417702	lidar	0	1.65063	0.62469	1.6399	0.601347	5.19839	0.0179597
1477010443250000	1.48984	0.502969	6.44581	0.302812	0.0568011	radar	0	1.62331	0.499091	1.89982	0.60247	5.19766	0.0269323
1477010443300000	1.77918	0.592836	6.44581	0.305652	0.0568011	lidar	0	2.18882	0.648739	2.1597	0.604086	5.19678	0.0376932
1477010443350000	1.97635	0.566058	5.7063	0.194343	-0.117295	radar	0	1.96701	0.557117	2.41954	0.606284	5.19573	0.0502389
1477010443400000	2.25117	0.619188	5.7063	0.188478	-0.117295	lidar	0	2.65526	0.66598	2.67932	0.609155	5.1945	0.0645654
1477010443450000	2.6109	0.604362	5.52652	0.0606542	-0.431062	radar	0	2.92034	0.645898	2.93904	0.612786	5.19309	0.080668
1477010443500000	2.88369	0.617715	5.52652	0.0391011	-0.431062	lidar	0	3.01222	0.637046	3.19869	0.617267	5.19147	0.0985415
1477010443550000	3.2401	0.505309	5.52877	-0.161238	-0.968389	radar	0	3.56096	0.485311	3.45825	0.622685	5.18963	0.11818
1477010443600000	3.50872	0.45444	5.52877	-0.209657	-0.968389	lidar	0	3.89365	0.311793	3.71772	0.62913	5.18754	0.139576
1477010443650000	3.86312	0.561959	5.54582	-0.0771074	-0.435292	radar	0	4.19786	0.698311	3.97708	0.636689	5.18519	0.162724
1477010443700000	4.13676	0.537027	5.54582	-0.098872	-0.435292	lidar	0	4.30935	0.578564	4.23632	0.645449	5.18256	0.187614
1477010443750000	4.42395	0.592803	5.38575	-0.0486751	-0.264351	radar	0	4.61908	0.68951	4.49542	0.655498	5.17962	0.214238
1477010443800000	4.69042	0.577362	5.38575	-0.0618927	-0.264351	lidar	0	4.35143	0.899174	4.75437	0.666921	5.17634	0.242587
1477010443850000	4.96522	0.598888	5.17535	-0.0507936	-0.216004	radar	0	5.20901	0.66599	5.01315	0.679804	5.1727	0.272649
1477010443900000	5.22146	0.58394	5.17535	-0.0615938	-0.216004	lidar	0	5.51894	0.648233	5.27175	0.694234	5.16867	0.304413
1477010443950000	5.4586	0.621098	5.30888	-0.020252	-0.109635	radar	0	5.22834	0.639362	5.53013	0.710295	5.16422	0.337868
1477010444000000	5.72205	0.614614	5.30888	-0.0257338	-0.109635	lidar	0	6.022	0.708619	5.78828	0.728072	5.15932	0.372999
1477010444050000	5.96368	0.491845	5.17687	-0.11526	-0.260851	radar	0	5.89392	0.373584	6.04618	0.747647	5.15393	0.409793
1477010444100000	6.21892	0.46029	5.17687	-0.128302	-0.260851	lidar	0	6.34249	0.948833	6.30379	0.769103	5.14803	0.448233
1477010444150000	6.4796	0.605669	5.09529	-0.0248371	-0.0742493	radar	0	6.62134	0.836138	6.5611	0.792523	5.14157	0.488305
1477010444200000	6.73284	0.598572	5.09529	-0.0285496	-0.0742493	lidar	0	6.78214	0.714036	6.81808	0.817988	5.13452	0.52999
1477010444250000	6.99656	0.600706	4.91968	-0.0287681	-0.0688345	radar	0	7.29121	0.630741	7.07469	0.845578	5.12685	0.573269
1477010444300000	7.24118	0.593008	4.91968	-0.0322098	-0.0688345	lidar	0	7.13735	0.957217	7.3309	0.875373	5.11851	0.618123
1477010444350000	7.58315	0.659395	5.23378	0.00603592	-0.00982767	radar	0	8.08349	0.819605	7.58668	0.907449	5.10946	0.664531
1477010444400000	7.84361	0.660713	5.23378	0.00554453	-0.00982767	lidar	0	7.80533	0.719126	7.84199	0.941886	5.09966	0.712469
1477010444450000	8.10472	0.736988	5.01775	0.0428623	0.0378326	radar	0	8.40453	0.884557	8.0968	0.978759	5.08907	0.761915
1477010444500000	8.35428	0.747786	5.01775	0.044754	0.0378326	lidar	0	8.24796	0.840322	8.35106	1.01814	5.07766	0.812843
1477010444550000	8.61318	0.991732	5.27534	0.16057	0.173788	radar	0	8.45858	1.41118	8.60472	1.06011	5.06537	0.865226
1477010444600000	8.87229	1.03476	5.27534	0.169259	0.173788	lidar	0	8.74615	1.04858	8.85775	1.10473	5.05216	0.919037
1477010444650000	9.20683	1.08365	5.31765	0.176922	0.172689	radar	0	9.8809	1.1419	9.1101	1.15208	5.03798	0.974245
1477010444700000	9.46731	1.13139	5.31765	0.185556	0.172689	lidar	0	9.25579	1.04913	9.36172	1.20223	5.0228	1.03082
1477010444750000	9.75972	1.27851	5.36269	0.234859	0.217218	radar	0	10.1016	1.52474	9.61255	1.25524	5.00656	1.08873
1477010444800000	10.0191	1.34214	5.36269	0.24572	0.217218	lidar	0	10.0484	1.44598	9.86254	1.31118	4.98922	1.14794
1477010444850000	10.2651	1.50416	5.14894	0.300299	0.267235	radar	0	10.5377	1.72555	10.1117	1.37011	4.97074	1.20841
1477010444900000	10.5095	1.58178	5.14894	0.31366	0.267235	lidar	0	10.2492	1.45907	10.3598	1.4321	4.95106	1.2701
1477010444950000	10.736	1.67773	4.92187	0.338793	0.283979	radar	0	10.9084	1.70343	10.6069	1.49721	4.93014	1.33298
1477010445000000	10.9665	1.76103	4.92187	0.352992	0.283979	lidar	0	10.7313	1.45265	10.853	1.56549	4.90794	1.39701
1477010445050000	11.2576	1.72054	5.06645	0.310996	0.223195	radar	0	11.4783	1.42876	11.0979	1.637	4.8844	1.46213
1477010445100000	11.4974	1.79932	5.06645	0.322156	0.223195	lidar	0	11.587	1.61462	11.3416	1.71179	4.85948	1.52832
1477010445150000	11.7137	1.79104	4.97498	0.302007	0.192483	radar	0	11.4763	1.53917	11.584	1.78992	4.83313	1.59551
1477010445200000	11.9498	1.86611	4.97498	0.311631	0.192483	lidar	0	11.7788	1.74591	11.8251	1.87144	4.80531	1.66366
1477010445250000	12.1979	2.00457	5.17828	0.340353	0.209091	radar	0	12.136	2.14937	12.0647	1.95639	4.77598	1.73273
1477010445300000	12.4404	2.09214	5.17828	0.350808	0.209091	lidar	0	12.3226	1.78353	12.3029	2.04482	4.74508	1.80265
1477010445350000	12.6965	2.07608	5.26097	0.319378	0.165097	radar	0	12.5457	1.77728	12.5394	2.13677	4.71257	1.87338
1477010445400000	12.9447	2.15961	5.26097	0.327632	0.165097	lidar	0	12.5924	2.17509	12.7743	2.23227	4.67842	1.94485
1477010445450000	13.2002	2.35685	5.43211	0.372886	0.199387	radar	0	13.2198	2.6644	13.0075	2.33137	4.64258	2.01701
1477010445500000	13.4514	2.45687	5.43211	0.382855	0.199387	lidar	0	13.0875	2.40708	13.2388	2.43409	4.605	2.08981
1477010445550000	13.5333	2.75937	5.06393	0.484478	0.298213	radar	0	12.7087	3.12439	13.4682	2.54047	4.56565	2.16317
1477010445600000	13.7552	2.87871	5.06393	0.499389	0.298213	lidar	0	13.836	2.62479	13.6955	2.65053	4.52448	2.23703
1477010445650000	13.9691	2.93691	5.02708	0.493253	0.278294	radar	0	13.8302	2.73893	13.9208	2.7643	4.48147	2.31134
1477010445700000	14.1884	3.05729	5.02708	0.507168	0.278294	lidar	0	14.2106	2.94205	14.1439	2.88179	4.43656	2.38601
1477010445750000	14.4622	3.09157	5.21458	0.478892	0.231116	radar	0	14.5568	2.87021	14.3646	3.00303	4.38974	2.46099
1477010445800000	14.6915	3.21292	5.21458	0.490448	0.231116	lidar	0	14.4616	2.90734	14.583	3.12802	4.34097	2.5362
1477010445850000	14.8844	3.50355	5.35959	0.557484	0.280449	radar	0	14.6754	3.96041	14.7989	3.25679	4.29021	2.61157
1477010445900000	15.1093	3.64665	5.35959	0.571507	0.280449	lidar	0	15.0261	3.5067	15.0122	3.38932	4.23744	2.68703
1477010445950000	15.2975	3.88984	5.24493	0.627197	0.326647	radar	0	15.3685	4.14761	15.2228	3.52563	4.18263	2.76249
1477010446000000	15.5071	4.0452	5.24493	0.64353	0.326647	lidar	0	15.5236	3.82936	15.4306	3.66572	4.12575	2.83789
1477010446050000	15.7464	4.00758	5.12556	0.59661	0.270045	radar	0	15.7234	3.4105	15.6355	3.80957	4.06678	2.91315
1477010446100000	15.9559	4.15286	5.12556	0.610113	0.270045	lidar	0	15.9774	4.00094	15.8375	3.95719	4.00571	2.98817
1477010446150000	16.1619	4.27213	4.95196	0.620876	0.274153	radar	0	16.3376	4.21632	16.0363	4.10854	3.94251	3.0629
1477010446200000	16.3608	4.41739	4.95196	0.634583	0.274153	lidar	0	16.3313	4.44499	16.2319	4.26363	3.87716	3.13723
1477010446250000	16.5917	4.53742	5.01713	0.633143	0.257789	radar	0	16.7586	4.48231	16.4242	4.42242	3.80966	3.21109
1477010446300000	16.7914	4.68697	5.01713	0.646032	0.257789	lidar	0	16.6039	4.67344	16.613	4.5849	3.74	3.28438
1477010446350000	16.9236	4.90542	4.71872	0.700092	0.309269	radar	0	16.9236	5.10119	16.7983	4.75103	3.66817	3.35704
1477010446400000	17.1013	5.05859	4.71872	0.715556	0.309269	lidar	0	16.9955	5.21099	16.9799	4.92077	3.59416	3.42897
1477010446450000	17.307	5.07943	4.6351	0.688276	0.27245	radar	0	17.3421	4.64623	17.1579	5.09409	3.51797	3.50008
1477010446500000	17.4834	5.22769	4.6351	0.701898	0.27245	lidar	0	17.2894	5.43542	17.3319	5.27094	3.4396	3.57028
1477010446550000	17.6746	5.23281	4.48084	0.674167	0.239786	radar	0	17.6463	4.74597	17.5019	5.45128	3.35907	3.63949
1477010446600000	17.8472	5.37359	4.48084	0.686156	0.239786	lidar	0	17.7853	5.62476	17.6679	5.63506	3.27637	3.70762
1477010446650000	17.9712	5.64005	4.44022	0.744164	0.283557	radar	0	17.9216	6.07151	17.8297	5.82221	3.19151	3.77458
1477010446700000	18.1318	5.79131	4.44022	0.758342	0.283557	lidar	0	18.1263	6.16985	17.9872	6.01269	3.10453	3.84027
1477010446750000	18.2484	6.13555	4.60947	0.82969	0.328233	radar	0	18.1245	6.79027	18.1402	6.20641	3.01542	3.90462
1477010446800000	18.4009	6.30642	4.60947	0.846101	0.328233	lidar	0	18.2164	6.66138	18.2888	6.40332	2.92421	3.96753
1477010446850000	18.5059	6.60739	4.65901	0.907167	0.367372	radar	0	18.4022	7.02231	18.4328	6.60333	2.83093	4.0289
1477010446900000	18.6459	6.79172	4.65901	0.925535	0.367372	lidar	0	18.5422	6.76013	18.572	6.80638	2.7356	4.08867
1477010446950000	18.7987	7.01537	4.799	0.940163	0.353471	radar	0	18.8089	7.24388	18.7064	7.01237	2.63825	4.14672
1477010447000000	18.9366	7.20993	4.799	0.957836	0.353471	lidar	0	19.1441	7.18344	18.8359	7.22122	2.53893	4.20299
1477010447050000	18.9776	7.4501	4.65338	1.01772	0.402348	radar	0	18.5479	7.4012	18.9604	7.43283	2.43767	4.25737
1477010447100000	19.0959	7.6488	4.65338	1.03784	0.402348	lidar	0	19.0138	7.8688	19.0798	7.64712	2.3345	4.3098
1477010447150000	19.2453	7.79815	4.6793	1.03226	0.375016	radar	0	19.3089	7.67375	19.1939	7.86397	2.22949	4.36017
1477010447200000	19.3614	7.99966	4.6793	1.05101	0.375016	lidar	0	19.132	8.12845	19.3028	8.08329	2.12266	4.40842
1477010447250000	19.437	8.21283	4.73504	1.07321	0.370878	radar	0	19.0239	8.17194	19.4062	8.30497	2.01409	4.45445
1477010447300000	19.546	8.4214	4.73504	1.09175	0.370878	lidar	0	19.347	8.30741	19.5042	8.5289	1.90381	4.49819
1477010447350000	19.6493	8.58257	4.60972	1.10838	0.379242	radar	0	19.6843	8.35902	19.5966	8.75494	1.7919	4.53956
1477010447400000	19.7482	8.78931	4.60972	1.12734	0.379242	lidar	0	20.0039	8.8906	19.6835	8.983	1.67841	4.57848
1477010447450000	19.7743	9.11495	4.63926	1.19147	0.421765	radar	0	19.6061	9.48659	19.7645	9.21294	1.56341	4.61488
1477010447500000	19.856	9.33066	4.63926	1.21256	0.421765	lidar	0	20.1574	9.45949	19.8398	9.44463	1.44697	4.64869
1477010447550000	19.8572	9.62464	4.6187	1.2759	0.466783	radar	0	19.6163	9.76606	19.9093	9.67795	1.32916	4.67984
1477010447600000	19.9198	9.84563	4.6187	1.29924	0.466783	lidar	0	20.1573	9.90876	19.9728	9.91275	1.21005	4.70826
1477010447650000	19.859	10.3666	5.03534	1.37843	0.48014	radar	0	19.1911	11.5493	20.0303	10.1489	1.08972	4.73389
1477010447700000	19.9023	10.6133	5.03534	1.40244	0.48014	lidar	0	20.166	10.4687	20.0818	10.3863	0.968259	4.75666
1477010447750000	19.8837	10.8849	5.01397	1.45377	0.513111	radar	0	19.6775	10.803	20.1271	10.6247	0.845742	4.77652
1477010447800000	19.908	11.1333	5.01397	1.47943	0.513111	lidar	0	20.371	11.0109	20.1663	10.864	0.722256	4.7934
1477010447850000	19.8605	11.5521	5.26965	1.52274	0.499427	radar	0	19.4335	12.3402	20.1993	11.1041	0.597892	4.80727
1477010447900000	19.8682	11.8144	5.26965	1.54771	0.499427	lidar	0	20.3164	11.3483	20.2261	11.3449	0.472738	4.81807
1477010447950000	19.7007	12.1899	5.30122	1.65366	0.595657	radar	0	19.2063	12.2418	20.2466	11.5861	0.346889	4.82575
1477010448000000	19.6734	12.4527	5.30122	1.68344	0.595657	lidar	0	20.6141	11.9422	20.2608	11.8275	0.220439	4.83027
1477010448050000	19.8421	12.4802	5.08978	1.6036	0.462768	radar	0	19.966	11.9688	20.2687	12.0692	0.093487	4.83159
1477010448100000	19.8295	12.7337	5.08978	1.62674	0.462768	lidar	0	20.3263	12.4966	20.2701	12.3108	-0.0338694	4.82968
1477010448150000	19.8284	12.8859	4.85643	1.66079	0.505028	radar	0	20.0192	12.4823	20.2652	12.5522	-0.161529	4.82451
1477010448200000	19.8022	13.1267	4.85643	1.68604	0.505028	lidar	0	20.498	12.8924	20.254	12.7933	-0.28939	4.81605
1477010448250000	19.9822	13.1235	4.53958	1.65246	0.469407	radar	0	20.9151	12.2555	20.2363	13.0339	-0.417348	4.80428
1477010448300000	19.9597	13.3488	4.53958	1.67593	0.469407	lidar	0	20.1943	13.1688	20.2122	13.2738	-0.545298	4.78918
1477010448350000	19.9297	13.5747	4.57104	1.69482	0.458125	radar	0	19.858	13.5236	20.1818	13.5129	-0.673135	4.77072
1477010448400000	19.8975	13.8004	4.57104	1.71773	0.458125	lidar	0	20.3245	13.8896	20.1449	13.7509	-0.800753	4.74892
1477010448450000	19.9375	13.9125	4.38115	1.72925	0.466569	radar	0	20.3387	13.5307	20.1017	13.9878	-0.928043	4.72374
1477010448500000	19.8991	14.1276	4.38115	1.75258	0.466569	lidar	0	20.1216	14.337	20.0521	14.2233	-1.0549	4.69521
1477010448550000	19.8246	14.3625	4.40627	1.78459	0.474243	radar	0	19.6717	14.4038	19.9962	14.4573	-1.18121	4.66331
1477010448600000	19.774	14.5763	4.40627	1.80831	0.474243	lidar	0	19.781	14.773	19.934	14.6897	-1.30687	4.62805
1477010448650000	19.8249	14.6386	4.22122	1.7993	0.444648	radar	0	20.1149	14.0165	19.8655	14.9202	-1.43177	4.58944
1477010448700000	19.7735	14.8427	4.22122	1.82153	0.444648	lidar	0	20.0208	15.2053	19.7908	15.1486	-1.55581	4.54751
1477010448750000	19.6629	15.0618	4.05002	1.91291	0.574419	radar	0	20.0157	15.3443	19.7099	15.3749	-1.67887	4.50226
1477010448800000	19.591	15.2505	4.05002	1.94164	0.574419	lidar	0	19.9131	15.554	19.6229	15.5989	-1.80085	4.45372
1477010448850000	19.6023	15.3528	3.93194	1.94532	0.551617	radar	0	19.9388	15.0864	19.5298	15.8203	-1.92164	4.40193
1477010448900000	19.5268	15.5338	3.93194	1.9729	0.551617	lidar	0	19.4748	16.0098	19.4307	16.039	-2.04114	4.3469
1477010448950000	19.4198	15.7664	4.02907	1.98972	0.52109	radar	0	19.1556	16.0022	19.3257	16.2549	-2.15925	4.28868
1477010449000000	19.3345	15.9484	4.02907	2.01577	0.52109	lidar	0	19.238	16.2719	19.2148	16.4679	-2.27586	4.22731
1477010449050000	19.239	16.1491	4.04182	2.05273	0.542353	radar	0	19.4007	16.2962	19.0981	16.6777	-2.39087	4.16284
1477010449100000	19.1421	16.3259	4.04182	2.07984	0.542353	lidar	0	19.0029	16.8387	18.9757	16.8841	-2.50418	4.0953
1477010449150000	18.8585	16.7195	4.33692	2.18591	0.656439	radar	0	18.8373	17.7112	18.8477	17.0872	-2.61571	4.02476
1477010449200000	18.7299	16.8936	4.33692	2.21874	0.656439	lidar	0	18.6148	17.3832	18.7142	17.2866	-2.72534	3.95127
1477010449250000	18.7707	16.9778	4.08301	2.16687	0.530285	radar	0	18.8177	17.0316	18.5752	17.4822	-2.83299	3.87489
1477010449300000	18.6534	17.1445	4.08301	2.19338	0.530285	lidar	0	18.1023	17.5529	18.4309	17.674	-2.93858	3.79568
1477010449350000	18.512	17.3485	4.14627	2.20508	0.495668	radar	0	18.2749	17.4877	18.2814	17.8617	-3.042	3.71372
1477010449400000	18.3867	17.5133	4.14627	2.22986	0.495668	lidar	0	18.2094	18.0461	18.1268	18.0453	-3.14318	3.62906
1477010449450000	18.2358	17.6388	4.1084	2.28738	0.555918	radar	0	18.3021	17.498	17.9671	18.2246	-3.24204	3.5418
1477010449500000	18.0984	17.7912	4.1084	2.31518	0.555918	lidar	0	17.9018	18.2183	17.8026	18.3994	-3.3385	3.45199
1477010449550000	18.0845	17.9229	4.00662	2.31545	0.534479	radar	0	18.8558	18.1364	17.6334	18.5697	-3.43247	3.35973
1477010449600000	17.9466	18.0679	4.00662	2.34217	0.534479	lidar	0	17.3845	18.7039	17.4595	18.7353	-3.5239	3.26509
1477010449650000	17.7875	18.1887	4.0088	2.38818	0.56886	radar	0	17.7945	18.0801	17.281	18.8962	-3.61271	3.16817
1477010449700000	17.6393	18.3233	4.0088	2.41663	0.56886	lidar	0	17.1762	18.8863	17.0983	19.0521	-3.69883	3.06904
1477010449750000	17.353	18.6622	4.29648	2.43758	0.549276	radar	0	16.9398	19.7311	16.9113	19.203	-3.78221	2.9678
1477010449800000	17.1874	18.7986	4.29648	2.46505	0.549276	lidar	0	16.5734	19.052	16.7201	19.3488	-3.86278	2.86455
1477010449850000	16.8081	19.1577	4.68204	2.50616	0.565111	radar	0	16.1674	20.2201	16.5251	19.4894	-3.9405	2.75938
1477010449900000	16.6178	19.2938	4.68204	2.53442	0.565111	lidar	0	16.2338	19.6171	16.3262	19.6246	-4.01531	2.65237
1477010449950000	16.4772	19.2415	4.50989	2.59706	0.617291	radar	0	16.4366	18.2742	16.1237	19.7545	-4.08716	2.54364
1477010450000000	16.2827	19.3552	4.50989	2.62792	0.617291	lidar	0	15.9243	19.8703	15.9176	19.8789	-4.15602	2.43329
1477010450050000	16.1821	19.4175	4.28932	2.62744	0.556486	radar	0	16.2328	19.2166	15.7082	19.9978	-4.22185	2.32141
1477010450100000	15.9942	19.5205	4.28932	2.65526	0.556486	lidar	0	15.4332	20.1836	15.4956	20.111	-4.28461	2.2081
1477010450150000	15.5094	19.9357	4.75925	2.65848	0.510366	radar	0	14.3677	21.3406	15.2799	20.2185	-4.34427	2.09347
1477010450200000	15.2977	20.0437	4.75925	2.684	0.510366	lidar	0	15.2016	20.4385	15.0613	20.3203	-4.4008	1.97763
1477010450250000	15.0423	20.1304	4.78982	2.7198	0.520504	radar	0	14.7476	19.9571	14.84	20.4162	-4.4542	1.86068
1477010450300000	14.8229	20.2258	4.78982	2.74583	0.520504	lidar	0	14.6665	20.6088	14.6161	20.5063	-4.50443	1.74272
1477010450350000	14.4339	20.4443	5.05563	2.77216	0.525142	radar	0	13.841	21.0031	14.3897	20.5904	-4.55149	1.62386
1477010450400000	14.1974	20.5328	5.05563	2.79842	0.525142	lidar	0	14.0521	20.5924	14.1611	20.6686	-4.59537	1.50421
1477010450450000	13.9168	20.6466	5.13801	2.82977	0.539478	radar	0	13.8232	20.859	13.9304	20.7408	-4.63606	1.38386
1477010450500000	13.6717	20.7226	5.13801	2.85675	0.539478	lidar	0	13.4686	20.7253	13.6977	20.807	-4.67357	1.26294
1477010450550000	13.5004	20.6926	5.0776	2.9165	0.600492	radar	0	13.8263	20.4261	13.4632	20.8671	-4.70789	1.14153
1477010450600000	13.2525	20.7461	5.0776	2.94652	0.600492	lidar	0	13.1072	20.8294	13.2271	20.9211	-4.73904	1.01975
1477010450650000	13.0324	20.8302	5.04759	2.965	0.588311	radar	0	13.2669	21.1579	12.9895	20.969	-4.76702	0.897694
1477010450700000	12.7838	20.8716	5.04759	2.99441	0.588311	lidar	0	12.8729	21.0592	12.7506	21.0108	-4.79186	0.775469
1477010450750000	12.312	21.06	5.35542	3.00531	0.568564	radar	0	11.5171	21.6724	12.5106	21.0465	-4.81358	0.653175
1477010450800000	12.0467	21.0935	5.35542	3.03373	0.568564	lidar	0	12.2062	21.11	12.2695	21.0761	-4.83219	0.530912
1477010450850000	11.8868	21.0852	5.23565	3.0674	0.579579	radar	0	12.3859	21.1066	12.0276	21.0996	-4.84773	0.408778
1477010450900000	11.6259	21.1017	5.23565	3.09638	0.579579	lidar	0	11.6814	20.8651	11.785	21.117	-4.86022	0.286869
1477010450950000	11.4205	21.0445	5.15466	3.13761	0.590902	radar	0	11.5265	20.6748	11.5418	21.1283	-4.86971	0.165281
1477010451000000	11.1631	21.0428	5.15466	3.16716	0.590902	lidar	0	11.363	21.0688	11.2982	21.1335	-4.87623	0.0441057
1477010451050000	10.8648	20.9923	5.18621	3.20445	0.594088	radar	0	10.5558	20.5567	11.0544	21.1327	-4.87982	-0.076565
1477010451100000	10.6067	20.9734	5.18621	3.23416	0.594088	lidar	0	10.8903	20.927	10.8105	21.1259	-4.88053	-0.196643
1477010451150000	10.1445	21.0821	5.30123	3.21701	0.520863	radar	0	9.30535	21.3896	10.5666	21.1131	-4.8784	-0.31604
1477010451200000	9.88088	21.0599	5.30123	3.24306	0.520863	lidar	0	10.189	21.209	10.3229	21.0943	-4.87349	-0.434674
1477010451250000	9.66993	21.051	5.23576	3.2638	0.514966	radar	0	9.97958	21.2932	10.0795	21.0697	-4.86585	-0.552463
1477010451300000	9.41087	21.017	5.23576	3.28955	0.514966	lidar	0	9.99634	20.9797	9.83658	21.0391	-4.85554	-0.669327
1477010451350000	9.18653	21.0206	5.07444	3.28635	0.460769	radar	0	9.38223	21.111	9.59422	21.0028	-4.84262	-0.785189
1477010451400000	8.93623	20.9825	5.07444	3.30939	0.460769	lidar	0	9.53921	20.8762	9.35258	20.9607	-4.82714	-0.899977
1477010451450000	8.87727	20.8923	4.87247	3.35355	0.486323	radar	0	9.63392	20.9724	9.11177	20.9128	-4.80919	-1.01362
1477010451500000	8.63998	20.8395	4.87247	3.37787	0.486323	lidar	0	8.70331	20.8221	8.87192	20.8594	-4.78881	-1.12605
1477010451550000	8.7461	20.6237	4.49295	3.4553	0.53643	radar	0	9.84634	20.009	8.63315	20.8003	-4.76608	-1.2372
1477010451600000	8.53345	20.553	4.49295	3.48212	0.53643	lidar	0	8.22277	20.4839	8.39557	20.7358	-4.74108	-1.34701
1477010451650000	8.29603	20.4764	4.59285	3.51057	0.544789	radar	0	8.29647	20.4978	8.1593	20.6657	-4.71387	-1.45542
1477010451700000	8.08309	20.3922	4.59285	3.53781	0.544789	lidar	0	7.88599	20.45	7.92445	20.5903	-4.68453	-1.56237
1477010451750000	7.93105	20.3087	4.6449	3.57674	0.569918	radar	0	8.29081	20.6565	7.69111	20.5096	-4.65313	-1.66781
1477010451800000	7.72195	20.2094	4.6449	3.60523	0.569918	lidar	0	7.18029	20.392	7.45939	20.4237	-4.61975	-1.7717
1477010451850000	7.42858	20.1309	4.68303	3.61549	0.547763	radar	0	7.09214	20.1196	7.22939	20.3326	-4.58448	-1.87399
1477010451900000	7.22182	20.0228	4.68303	3.64288	0.547763	lidar	0	6.81542	20.1859	7.00119	20.2364	-4.54738	-1.97462
1477010451950000	6.98484	19.9507	4.6512	3.6522	0.525746	radar	0	6.89359	20.1536	6.7749	20.1352	-4.50854	-2.07357
1477010452000000	6.78354	19.8362	4.6512	3.67849	0.525746	lidar	0	6.38914	20.0137	6.55059	20.0292	-4.46805	-2.17079
1477010452050000	6.58573	19.7685	4.6303	3.69201	0.514843	radar	0	6.67637	20.2142	6.32834	19.9183	-4.42598	-2.26625
1477010452100000	6.39003	19.6468	4.6303	3.71775	0.514843	lidar	0	5.86119	19.8306	6.10823	19.8027	-4.38241	-2.35993
1477010452150000	5.98626	19.5424	4.93938	3.71402	0.498109	radar	0	5.28178	19.5036	5.89034	19.6824	-4.33744	-2.45178
1477010452200000	5.78046	19.408	4.93938	3.73892	0.498109	lidar	0	5.69089	19.5755	5.67472	19.5577	-4.29114	-2.5418
1477010452250000	5.67874	19.2241	4.83022	3.78862	0.516752	radar	0	5.9506	18.9859	5.46145	19.4284	-4.24359	-2.62995
1477010452300000	5.48787	19.078	4.83022	3.81445	0.516752	lidar	0	5.17021	19.4397	5.25059	19.2948	-4.19488	-2.71622
1477010452350000	5.42454	18.9703	4.53059	3.84275	0.506402	radar	0	5.87397	19.301	5.04219	19.157	-4.1451	-2.80059
1477010452400000	5.25315	18.8239	4.53059	3.86807	0.506402	lidar	0	4.89149	18.982	4.8363	19.015	-4.09432	-2.88305
1477010452450000	4.79346	18.7509	4.87205	3.82427	0.454656	radar	0	3.98679	19.0452	4.63297	18.8689	-4.04263	-2.96359
1477010452500000	4.60626	18.597	4.87205	3.847	0.454656	lidar	0	4.4685	18.834	4.43224	18.7188	-3.99012	-3.0422
1477010452550000	4.46824	18.4568	4.7107	3.8637	0.437057	radar	0	4.69245	18.4634	4.23416	18.5648	-3.93685	-3.11888
1477010452600000	4.2931	18.3011	4.7107	3.88556	0.437057	lidar	0	4.26269	18.481	4.03876	18.4071	-3.88293	-3.19362
1477010452650000	3.9306	18.1957	5.14346	3.87627	0.438291	radar	0	3.42434	18.8357	3.84606	18.2457	-3.82841	-3.26644
1477010452700000	3.74164	18.0233	5.14346	3.89818	0.438291	lidar	0	3.45919	18.167	3.65611	18.0807	-3.77339	-3.33732
1477010452750000	3.708	17.8671	4.81959	3.93079	0.427327	radar	0	4.3011	17.9267	3.46891	17.9122	-3.71795	-3.40627
1477010452800000	3.53986	17.6961	4.81959	3.95215	0.427327	lidar	0	3.12525	17.7493	3.28449	17.7402	-3.66215	-3.47331
1477010452850000	3.17077	17.5629	5.15601	3.92966	0.405928	radar	0	2.65664	17.888	3.10287	17.565	-3.60609	-3.53844
1477010452900000	2.99072	17.3802	5.15601	3.94996	0.405928	lidar	0	2.9449	17.8154	2.92405	17.3866	-3.54982	-3.60167
1477010452950000	2.96498	17.1406	5.14647	4.02578	0.463678	radar	0	3.26647	17.0897	2.74805	17.2051	-3.49344	-3.66302
1477010453000000	2.80385	16.9416	5.14647	4.04896	0.463678	lidar	0	2.55407	17.0853	2.57486	17.0205	-3.437	-3.72251
1477010453050000	2.62649	16.799	4.86004	4.04392	0.421353	radar	0	2.55039	16.8884	2.4045	16.833	-3.38059	-3.78014
1477010453100000	2.47758	16.6086	4.86004	4.06498	0.421353	lidar	0	2.25371	16.8334	2.23695	16.6427	-3.32428	-3.83595
1477010453150000	2.12607	16.4223	4.92207	4.02712	0.362309	radar	0	1.57735	16.0489	2.07221	16.4497	-3.26812	-3.88995
1477010453200000	1.97185	16.2321	4.92207	4.04523	0.362309	lidar	0	1.88972	16.1054	1.91027	16.254	-3.21219	-3.94216
1477010453250000	1.78103	16.0766	4.87656	4.04197	0.339229	radar	0	1.74362	16.2687	1.75112	16.0557	-3.15656	-3.99261
1477010453300000	1.63091	15.886	4.87656	4.05893	0.339229	lidar	0	1.44745	16.0853	1.59474	15.8549	-3.10129	-4.04132
1477010453350000	1.55117	15.6387	5.04292	4.11815	0.392728	radar	0	1.6097	15.5526	1.44111	15.6517	-3.04644	-4.08832
1477010453400000	1.41168	15.4301	5.04292	4.13778	0.392728	lidar	0	1.18395	15.4284	1.29021	15.4463	-2.99207	-4.13364
1477010453450000	1.13587	15.269	5.07941	4.1095	0.349545	radar	0	0.828993	15.528	1.14201	15.2386	-2.93825	-4.1773
1477010453500000	0.993397	15.0603	5.07941	4.12698	0.349545	lidar	0	0.722706	15.0075	0.996486	15.0288	-2.88503	-4.21933
1477010453550000	0.880958	14.904	4.89824	4.13409	0.330423	radar	0	1.03147	15.2134	0.853604	14.8169	-2.83246	-4.25977
1477010453600000	0.74841	14.6995	4.89824	4.15061	0.330423	lidar	0	0.737301	14.7047	0.71333	14.603	-2.78061	-4.29864
1477010453650000	0.66945	14.4382	5.06013	4.20018	0.37157	radar	0	0.722177	14.2445	0.575628	14.3872	-2.72952	-4.33598
1477010453700000	0.547059	14.2182	5.06013	4.21876	0.37157	lidar	0	0.253435	14.2029	0.440459	14.1696	-2.67925	-4.37181
1477010453750000	0.287393	13.9646	5.41561	4.21141	0.363561	radar	0	-0.0328023	13.9604	0.307779	13.9502	-2.62984	-4.40617
1477010453800000	0.159145	13.7276	5.41561	4.22959	0.363561	lidar	0	0.459172	13.6856	0.177545	13.7292	-2.58135	-4.43909
1477010453850000	0.049846	13.4894	5.47917	4.25791	0.379547	radar	0	0.0524412	13.6377	0.0497099	13.5065	-2.53381	-4.47061
1477010453900000	-0.0685227	13.2438	5.47917	4.27689	0.379547	lidar	0	-0.190344	13.2856	-0.0757753	13.2823	-2.48728	-4.50075
1477010453950000	-0.228659	13.0401	5.30241	4.26621	0.340535	radar	0	-0.275043	13.1456	-0.198962	13.0566	-2.44179	-4.52955
1477010454000000	-0.341463	12.8015	5.30241	4.28324	0.340535	lidar	0	0.0462308	12.9301	-0.319903	12.8295	-2.39739	-4.55704
1477010454050000	-0.547257	12.5661	5.22081	4.25985	0.291966	radar	0	-0.684792	12.3563	-0.438654	12.6011	-2.35412	-4.58326
1477010454100000	-0.660096	12.332	5.22081	4.27445	0.291966	lidar	0	-0.476482	12.3633	-0.555273	12.3714	-2.31202	-4.60823
1477010454150000	-0.840587	12.1424	5.20545	4.2598	0.263904	radar	0	-0.972122	12.5207	-0.669818	12.1404	-2.27111	-4.63198
1477010454200000	-0.953284	11.909	5.20545	4.27299	0.263904	lidar	0	-0.582624	12.0386	-0.78235	11.9083	-2.23144	-4.65456
1477010454250000	-1.1337	11.6697	5.26774	4.26422	0.244004	radar	0	-1.26757	11.6495	-0.892931	11.6751	-2.19304	-4.67598
1477010454300000	-1.24683	11.433	5.26774	4.27642	0.244004	lidar	0	-1.17212	11.3988	-1.00163	11.4409	-2.15594	-4.69628
1477010454350000	-1.22584	11.2055	4.99143	4.31542	0.252075	radar	0	-0.891441	10.959	-1.1085	11.2057	-2.12017	-4.71549
1477010454400000	-1.32144	10.9759	4.99143	4.32802	0.252075	lidar	0	-1.39289	11.0424	-1.21362	10.9695	-2.08575	-4.73364
1477010454450000	-1.35967	10.7379	5.11884	4.3689	0.290749	radar	0	-1.29894	10.9012	-1.31706	10.7324	-2.05273	-4.75075
1477010454500000	-1.44467	10.4975	5.11884	4.38344	0.290749	lidar	0	-1.49687	10.4198	-1.41889	10.4945	-2.02111	-4.76686
1477010454550000	-1.55489	10.2166	5.26123	4.39554	0.293263	radar	0	-1.59293	10.0212	-1.51917	10.2559	-1.99093	-4.78198
1477010454600000	-1.63555	9.96724	5.26123	4.41021	0.293263	lidar	0	-1.61875	10.2374	-1.61797	10.0165	-1.96221	-4.79615
1477010454650000	-1.67307	9.76617	5.05817	4.4276	0.287436	radar	0	-1.59702	9.96554	-1.71539	9.77637	-1.93498	-4.80939
1477010454700000	-1.74293	9.52405	5.05817	4.44197	0.287436	lidar	0	-1.73381	9.71347	-1.81147	9.53564	-1.90924	-4.82172
1477010454750000	-1.96368	9.25994	5.26137	4.40661	0.243748	radar	0	-2.27191	9.37316	-1.90631	9.29431	-1.88502	-4.83316
1477010454800000	-2.04181	9.00972	5.26137	4.4188	0.243748	lidar	0	-1.93833	8.77028	-1.99998	9.05243	-1.86233	-4.84374
1477010454850000	-2.0648	8.82436	5.03474	4.43643	0.239225	radar	0	-1.96565	9.13274	-2.09256	8.81003	-1.8412	-4.85347
1477010454900000	-2.13248	8.58274	5.03474	4.44839	0.239225	lidar	0	-2.1768	8.5411	-2.18412	8.56717	-1.82164	-4.86238
1477010454950000	-2.37466	8.29523	5.22578	4.39769	0.177173	radar	0	-2.65862	8.19477	-2.27474	8.32388	-1.80365	-4.87047
1477010455000000	-2.45491	8.04743	5.22578	4.40655	0.177173	lidar	0	-2.21875	8.15339	-2.3645	8.0802	-1.78726	-4.87778
1477010455050000	-2.40172	7.90621	4.96462	4.45585	0.215536	radar	0	-2.273	8.52315	-2.45348	7.83617	-1.77248	-4.8843
1477010455100000	-2.46397	7.66662	4.96462	4.46663	0.215536	lidar	0	-2.59674	7.60288	-2.54177	7.59184	-1.75931	-4.89006
1477010455150000	-2.74149	7.40313	5.009	4.3862	0.110885	radar	0	-3.08256	7.38874	-2.62944	7.34723	-1.74777	-4.89507
1477010455200000	-2.82156	7.16654	5.009	4.39175	0.110885	lidar	0	-2.79865	7.064	-2.71658	7.10238	-1.73786	-4.89933
1477010455250000	-2.81564	6.96678	4.96378	4.43721	0.16224	radar	0	-2.79412	7.20818	-2.80326	6.85734	-1.72958	-4.90286
1477010455300000	-2.88264	6.72842	4.96378	4.44532	0.16224	lidar	0	-2.74651	6.86867	-2.88957	6.61214	-1.72295	-4.90566
1477010455350000	-2.86128	6.53664	4.63679	4.46695	0.155688	radar	0	-2.57673	6.36755	-2.97559	6.36681	-1.71797	-4.90774
1477010455400000	-2.91729	6.3122	4.63679	4.47473	0.155688	lidar	0	-2.90217	6.22989	-3.0614	6.12139	-1.71464	-4.90911
1477010455450000	-3.13647	6.0256	4.93345	4.42572	0.102305	radar	0	-3.50172	6.10796	-3.14709	5.87592	-1.71297	-4.90976
1477010455500000	-3.2061	5.78953	4.93345	4.43084	0.102305	lidar	0	-3.1778	5.53101	-3.23274	5.63043	-1.71295	-4.9097
1477010455550000	-3.33259	5.51026	4.94059	4.39884	0.0449756	radar	0	-3.19736	5.19093	-3.31843	5.38496	-1.71458	-4.90893
1477010455600000	-3.40897	5.27583	4.94059	4.40109	0.0449756	lidar	0	-3.43031	5.10507	-3.40424	5.13955	-1.71787	-4.90745
1477010455650000	-3.46337	5.02632	4.98504	4.41967	0.0708556	radar	0	-3.4281	4.94644	-3.49026	4.89422	-1.72281	-4.90525
1477010455700000	-3.53531	4.78809	4.98504	4.42321	0.0708556	lidar	0	-3.69435	4.52196	-3.57657	4.64902	-1.72939	-4.90233
1477010455750000	-3.67736	4.49191	5.04611	4.38222	-0.000239791	radar	0	-3.50501	4.17643	-3.66325	4.40398	-1.73763	-4.89868
1477010455800000	-3.75954	4.25374	5.04611	4.38221	-0.000239791	lidar	0	-4.00238	4.04684	-3.75039	4.15913	-1.74749	-4.8943
1477010455850000	-3.869	4.00409	5.13501	4.38134	0.00929537	radar	0	-4.06447	4.10977	-3.83806	3.91452	-1.75899	-4.88918
1477010455900000	-3.95271	3.76167	5.13501	4.3818	0.00929537	lidar	0	-3.88053	3.75177	-3.92635	3.67019	-1.77212	-4.8833
1477010455950000	-4.06425	3.58856	4.9971	4.35427	-0.0403977	radar	0	-4.23729	3.88878	-4.01533	3.42616	-1.78686	-4.87666
1477010456000000	-4.1523	3.35498	4.9971	4.35225	-0.0403977	lidar	0	-4.15119	3.21968	-4.10509	3.18248	-1.8032	-4.86925
1477010456050000	-4.30507	3.04225	5.22521	4.32432	-0.0800925	radar	0	-4.27467	2.88187	-4.19571	2.93919	-1.82113	-4.86104
1477010456100000	-4.40455	2.8009	5.22521	4.32032	-0.0800925	lidar	0	-4.32451	2.55034	-4.28727	2.69633	-1.84065	-4.85202
1477010456150000	-4.48822	2.52501	5.27346	4.33122	-0.053688	radar	0	-4.38481	2.39989	-4.37985	2.45393	-1.86173	-4.84218
1477010456200000	-4.58665	2.28061	5.27346	4.32854	-0.053688	lidar	0	-4.61223	2.09192	-4.47352	2.21205	-1.88436	-4.83149
1477010456250000	-4.68966	2.02912	5.30828	4.29933	-0.118344	radar	0	-4.29257	1.92854	-4.56836	1.97072	-1.90853	-4.81994
1477010456300000	-4.79684	1.78651	5.30828	4.29342	-0.118344	lidar	0	-4.86829	1.53442	-4.66444	1.72998	-1.93422	-4.80751
1477010456350000	-4.93767	1.49345	5.48782	4.27954	-0.133715	radar	0	-4.98165	1.43611	-4.76186	1.48989	-1.9614	-4.79417
1477010456400000	-5.05342	1.24488	5.48782	4.27285	-0.133715	lidar	0	-4.66779	1.28643	-4.86066	1.25049	-1.99007	-4.7799
1477010456450000	-5.12666	1.05798	5.24918	4.27462	-0.116708	radar	0	-4.98594	1.10894	-4.96095	1.01182	-2.02019	-4.76468
1477010456500000	-5.23835	0.820692	5.24918	4.26879	-0.116708	lidar	0	-4.85498	0.825661	-5.06277	0.77393	-2.05174	-4.74848
1477010456550000	-5.30351	0.438169	5.51117	4.30131	-0.0644172	radar	0	-4.84736	0.18101	-5.16621	0.536876	-2.08471	-4.73127
1477010456600000	-5.4137	0.185857	5.51117	4.29809	-0.0644172	lidar	0	-5.1231	0.257311	-5.27133	0.300706	-2.11906	-4.71303
1477010456650000	-5.53428	-0.0242227	5.29833	4.30663	-0.0222779	radar	0	-5.99809	-0.290765	-5.3782	0.0654719	-2.15477	-4.69374
1477010456700000	-5.63845	-0.26747	5.29833	4.30551	-0.0222779	lidar	0	-5.29972	-0.212982	-5.4869	-0.168772	-2.1918	-4.67335
1477010456750000	-5.75741	-0.354382	5.01473	4.26132	-0.0871701	radar	0	-5.64447	-0.144522	-5.59748	-0.401971	-2.23014	-4.65185
1477010456800000	-5.86673	-0.579714	5.01473	4.25696	-0.0871701	lidar	0	-5.85359	-0.445801	-5.71001	-0.634069	-2.26974	-4.62919
1477010456850000	-5.94471	-0.831744	5.21256	4.24534	-0.120869	radar	0	-5.30947	-0.724468	-5.82456	-0.865006	-2.31058	-4.60536
1477010456900000	-6.06228	-1.06399	5.21256	4.2393	-0.120869	lidar	0	-5.87835	-1.26863	-5.94118	-1.09472	-2.35262	-4.58032
1477010456950000	-6.10725	-1.40779	5.34496	4.27795	-0.0632997	radar	0	-5.68069	-1.52871	-6.05993	-1.32316	-2.39581	-4.55404
1477010457000000	-6.2196	-1.64988	5.34496	4.27478	-0.0632997	lidar	0	-6.27263	-1.50938	-6.18087	-1.55025	-2.44014	-4.52648
1477010457050000	-6.3529	-1.89162	5.58037	4.24712	-0.116157	radar	0	-6.11355	-1.75966	-6.30406	-1.77593	-2.48555	-4.49762
1477010457100000	-6.47825	-2.14044	5.58037	4.24131	-0.116157	lidar	0	-6.34007	-2.13685	-6.42954	-2.00014	-2.532	-4.46742
1477010457150000	-6.65646	-2.2919	5.36267	4.20404	-0.149451	radar	0	-6.99344	-2.17445	-6.55738	-2.22281	-2.57946	-4.43585
1477010457200000	-6.78724	-2.52548	5.36267	4.19657	-0.149451	lidar	0	-6.79288	-2.4458	-6.68761	-2.44386	-2.62788	-4.40288
1477010457250000	-6.95672	-2.72181	5.34181	4.16999	-0.173823	radar	0	-7.14408	-2.67584	-6.82029	-2.66323	-2.6772	-4.36847
1477010457300000	-7.09495	-2.94979	5.34181	4.1613	-0.173823	lidar	0	-6.8003	-3.10086	-6.95546	-2.88084	-2.7274	-4.3326
1477010457350000	-7.20737	-3.18423	5.24793	4.16548	-0.153513	radar	0	-7.13937	-3.22028	-7.09316	-3.09663	-2.7784	-4.29523
1477010457400000	-7.34404	-3.40762	5.24793	4.1578	-0.153513	lidar	0	-7.12118	-3.26434	-7.23344	-3.3105	-2.83017	-4.25632
1477010457450000	-7.48418	-3.71698	5.33904	4.1783	-0.114764	radar	0	-7.77186	-4.08999	-7.37632	-3.5224	-2.88265	-4.21586
1477010457500000	-7.62005	-3.9461	5.33904	4.17257	-0.114764	lidar	0	-7.49009	-3.49081	-7.52184	-3.73223	-2.93579	-4.1738
1477010457550000	-7.75279	-4.12369	5.3045	4.15051	-0.137617	radar	0	-7.52393	-3.88213	-7.67004	-3.93992	-2.98953	-4.13012
1477010457600000	-7.89415	-4.34737	5.3045	4.14363	-0.137617	lidar	0	-7.88049	-4.29783	-7.82094	-4.14538	-3.04381	-4.08479
1477010457650000	-8.04085	-4.56592	5.28226	4.1355	-0.138142	radar	0	-8.08524	-4.57834	-7.97457	-4.34854	-3.09857	-4.03778
1477010457700000	-8.18492	-4.78649	5.28226	4.1286	-0.138142	lidar	0	-8.22492	-4.79812	-8.13095	-4.5493	-3.15376	-3.98906
1477010457750000	-8.33109	-4.96456	5.04868	4.11667	-0.13656	radar	0	-8.453	-4.95621	-8.2901	-4.74759	-3.2093	-3.93862
1477010457800000	-8.47268	-5.17272	5.04868	4.10984	-0.13656	lidar	0	-8.33552	-5.1059	-8.45204	-4.94331	-3.26514	-3.88641
1477010457850000	-8.64867	-5.23916	4.82881	4.0568	-0.187271	radar	0	-8.55062	-4.79248	-8.61678	-5.13637	-3.32121	-3.83242
1477010457900000	-8.79598	-5.42957	4.82881	4.04744	-0.187271	lidar	0	-8.91477	-5.51752	-8.78433	-5.32669	-3.37745	-3.77663
1477010457950000	-8.95881	-5.63506	4.91347	4.03825	-0.188171	radar	0	-9.04115	-5.69364	-8.95469	-5.51417	-3.43377	-3.71901
1477010458000000	-9.11226	-5.82592	4.91347	4.02884	-0.188171	lidar	0	-9.03391	-5.80267	-9.12788	-5.69872	-3.49012	-3.65955
1477010458050000	-9.25097	-5.90643	4.73433	3.99285	-0.217081	radar	0	-8.86897	-5.41973	-9.30388	-5.88026	-3.54643	-3.59823
1477010458100000	-9.40711	-6.08328	4.73433	3.982	-0.217081	lidar	0	-9.30811	-5.82368	-9.4827	-6.05868	-3.60261	-3.53503
1477010458150000	-9.59448	-6.27933	4.82881	3.96942	-0.219292	radar	0	-9.80646	-6.41174	-9.66432	-6.23389	-3.6586	-3.46994
1477010458200000	-9.75793	-6.45584	4.82881	3.95845	-0.219292	lidar	0	-9.62547	-6.55958	-9.84874	-6.4058	-3.71431	-3.40295
1477010458250000	-10.0683	-6.53934	4.99383	3.88348	-0.28811	radar	0	-10.6688	-6.35543	-10.0359	-6.57431	-3.76969	-3.33404
1477010458300000	-10.2526	-6.7063	4.99383	3.86907	-0.28811	lidar	0	-10.2246	-6.83402	-10.2259	-6.73933	-3.82463	-3.26321
1477010458350000	-10.4238	-6.86166	5.03761	3.85527	-0.288508	radar	0	-10.2205	-6.71044	-10.4186	-6.90075	-3.87907	-3.19046
1477010458400000	-10.6144	-7.02468	5.03761	3.84084	-0.288508	lidar	0	-10.7616	-7.29159	-10.614	-7.05849	-3.93293	-3.11577
1477010458450000	-10.8514	-7.1101	5.05859	3.79388	-0.322082	radar	0	-10.8944	-6.83335	-10.8121	-7.21245	-3.98613	-3.03916
1477010458500000	-11.0526	-7.2615	5.05859	3.77777	-0.322082	lidar	0	-11.2219	-7.56979	-11.0128	-7.36252	-4.03859	-2.96062
1477010458550000	-11.2144	-7.41558	4.98181	3.77231	-0.312115	radar	0	-10.986	-7.3707	-11.2161	-7.50862	-4.09021	-2.88015
1477010458600000	-11.4157	-7.56034	4.98181	3.7567	-0.312115	lidar	0	-11.0934	-7.6776	-11.422	-7.65064	-4.14093	-2.79777
1477010458650000	-11.6061	-7.66361	4.92802	3.73227	-0.321411	radar	0	-11.4213	-7.46085	-11.6304	-7.78849	-4.19066	-2.71349
1477010458700000	-11.8108	-7.79859	4.92802	3.71619	-0.321411	lidar	0	-11.5269	-7.8215	-11.8413	-7.92208	-4.23932	-2.6273
1477010458750000	-11.9945	-7.90392	4.72042	3.69543	-0.327298	radar	0	-11.9422	-7.88317	-12.0546	-8.05131	-4.28682	-2.53924
1477010458800000	-12.1952	-8.0258	4.72042	3.67907	-0.327298	lidar	0	-12.09	-8.08828	-12.2702	-8.17609	-4.33309	-2.44932
1477010458850000	-12.436	-8.14753	5.00872	3.65915	-0.328036	radar	0	-12.4462	-8.02117	-12.4881	-8.29633	-4.37802	-2.35756
1477010458900000	-12.6535	-8.26896	5.00872	3.64275	-0.328036	lidar	0	-12.4231	-8.2599	-12.7082	-8.41193	-4.42156	-2.26399
1477010458950000	-12.8509	-8.32833	4.75558	3.60946	-0.347314	radar	0	-12.7461	-8.19449	-12.9304	-8.5228	-4.4636	-2.16863
1477010459000000	-13.0629	-8.43303	4.75558	3.5921	-0.347314	lidar	0	-13.2911	-8.64594	-13.1547	-8.62886	-4.50407	-2.07151
1477010459050000	-13.3644	-8.5052	4.95381	3.55278	-0.364076	radar	0	-13.7929	-8.47158	-13.381	-8.73002	-4.54289	-1.97267
1477010459100000	-13.5912	-8.60138	4.95381	3.53458	-0.364076	lidar	0	-13.384	-8.57583	-13.6092	-8.82619	-4.57997	-1.87214
1477010459150000	-13.8088	-8.57984	4.67849	3.47654	-0.407551	radar	0	-13.6376	-8.26344	-13.8392	-8.91729	-4.61524	-1.76997
1477010459200000	-14.0293	-8.65374	4.67849	3.45617	-0.407551	lidar	0	-13.9959	-8.99264	-14.0709	-9.00324	-4.64861	-1.6662
1477010459250000	-14.2928	-8.76928	4.99024	3.4537	-0.38115	radar	0	-14.4737	-8.79552	-14.3043	-9.08395	-4.68001	-1.56086
1477010459300000	-14.5297	-8.84276	4.99024	3.43464	-0.38115	lidar	0	-14.4273	-9.1875	-14.5391	-9.15936	-4.70936	-1.45402
1477010459350000	-14.7088	-8.99458	4.86672	3.44663	-0.357237	radar	0	-14.5757	-9.32634	-14.7754	-9.22939	-4.73658	-1.34573
1477010459400000	-14.9403	-9.06463	4.86672	3.42876	-0.357237	lidar	0	-15.062	-9.04396	-15.013	-9.29397	-4.76161	-1.23603
1477010459450000	-15.1969	-9.21493	4.90085	3.43307	-0.337432	radar	0	-15.6189	-9.69365	-15.2517	-9.35302	-4.78436	-1.125
1477010459500000	-15.4309	-9.28235	4.90085	3.4162	-0.337432	lidar	0	-15.6682	-9.56749	-15.4916	-9.40649	-4.80476	-1.01269
1477010459550000	-15.6845	-9.30935	4.74108	3.37969	-0.360572	radar	0	-15.9382	-9.35751	-15.7324	-9.45431	-4.82275	-0.899159
1477010459600000	-15.9141	-9.3622	4.74108	3.36166	-0.360572	lidar	0	-16.0862	-9.59819	-15.9741	-9.49642	-4.83827	-0.784484
1477010459650000	-16.2378	-9.26411	4.77796	3.28505	-0.411905	radar	0	-16.6033	-8.85459	-16.2164	-9.53277	-4.85124	-0.668734
1477010459700000	-16.4731	-9.29489	4.77796	3.26446	-0.411905	lidar	0	-16.4229	-9.37029	-16.4594	-9.5633	-4.8616	-0.55198
1477010459750000	-16.6144	-9.36092	4.65566	3.26488	-0.397405	radar	0	-16.011	-9.33486	-16.7027	-9.58797	-4.8693	-0.434301
1477010459800000	-16.8443	-9.38621	4.65566	3.24501	-0.397405	lidar	0	-17.1132	-9.43043	-16.9464	-9.60673	-4.87427	-0.315773
1477010459850000	-16.9869	-9.72946	4.70016	3.34051	-0.294185	radar	0	-16.9255	-10.8571	-17.1903	-9.61954	-4.87646	-0.196479
1477010459900000	-17.2162	-9.77296	4.70016	3.3258	-0.294185	lidar	0	-17.5448	-9.57485	-17.4342	-9.62636	-4.87583	-0.0765024
1477010459950000	-17.5429	-9.6873	4.69301	3.25941	-0.340254	radar	0	-18.1371	-9.39146	-17.6781	-9.62717	-4.87232	0.0440703
1477010460000000	-17.7746	-9.7118	4.69301	3.2424	-0.340254	lidar	0	-17.9724	-9.42299	-17.9216	-9.62194	-4.86588	0.165151
1477010460050000	-18.0678	-9.58569	4.64602	3.16841	-0.393501	radar	0	-18.3083	-9.18778	-18.1648	-9.61064	-4.85648	0.286648
1477010460100000	-18.2984	-9.58859	4.64602	3.14873	-0.393501	lidar	0	-18.2763	-9.60997	-18.4074	-9.59325	-4.84408	0.40847
1477010460150000	-18.4972	-9.6287	4.70817	3.15259	-0.36644	radar	0	-18.2443	-9.58547	-18.6493	-9.56977	-4.82864	0.530522
1477010460200000	-18.731	-9.62797	4.70817	3.13427	-0.36644	lidar	0	-18.9545	-9.51544	-18.8904	-9.54017	-4.81012	0.652707
1477010460250000	-18.9687	-9.52572	4.77491	3.0903	-0.382595	radar	0	-18.6983	-9.02886	-19.1305	-9.50447	-4.78851	0.774927
1477010460300000	-19.2053	-9.51006	4.77491	3.07118	-0.382595	lidar	0	-19.2983	-9.09865	-19.3694	-9.46265	-4.76378	0.897083
1477010460350000	-19.5028	-9.29486	4.72496	2.97636	-0.45566	radar	0	-19.7037	-8.79906	-19.6069	-9.41472	-4.73591	1.01907
1477010460400000	-19.7336	-9.2523	4.72496	2.95358	-0.45566	lidar	0	-19.8731	-8.96417	-19.8431	-9.36071	-4.70487	1.1408
1477010460450000	-20.0939	-8.87165	4.93612	2.82561	-0.535525	radar	0	-20.3815	-7.6755	-20.0775	-9.30061	-4.67066	1.26215
1477010460500000	-20.3254	-8.79095	4.93612	2.79883	-0.535525	lidar	0	-20.1607	-9.59663	-20.3102	-9.23446	-4.63328	1.38303
1477010460550000	-20.4975	-8.95891	4.8489	2.86029	-0.456829	radar	0	-20.4587	-9.7448	-20.5409	-9.16227	-4.59271	1.50334
1477010460600000	-20.7279	-8.88786	4.8489	2.83745	-0.456829	lidar	0	-20.6596	-8.91527	-20.7696	-9.08409	-4.54895	1.62296
1477010460650000	-21.0331	-8.7191	4.93184	2.78503	-0.480955	radar	0	-21.5568	-8.5005	-20.9959	-8.99994	-4.50202	1.74179
1477010460700000	-21.2613	-8.62923	4.93184	2.76099	-0.480955	lidar	0	-21.0195	-8.85081	-21.2198	-8.90987	-4.45191	1.85972
1477010460750000	-21.5212	-8.52261	4.9271	2.72795	-0.494402	radar	0	-21.8628	-8.64129	-21.4412	-8.81393	-4.39865	1.97666
1477010460800000	-21.7437	-8.41982	4.9271	2.70323	-0.494402	lidar	0	-21.5029	-8.87191	-21.6597	-8.71217	-4.34224	2.0925
1477010460850000	-21.9865	-8.06965	4.93822	2.59155	-0.584418	radar	0	-21.9514	-7.41274	-21.8754	-8.60465	-4.2827	2.20712
1477010460900000	-22.1932	-7.93673	4.93822	2.56233	-0.584418	lidar	0	-21.9793	-8.57089	-22.0881	-8.49143	-4.22007	2.32043
1477010460950000	-22.3794	-7.86993	4.97446	2.57684	-0.522254	radar	0	-22.1914	-7.70392	-22.2975	-8.37258	-4.15437	2.43232
1477010461000000	-22.5859	-7.73326	4.97446	2.55073	-0.522254	lidar	0	-22.5838	-8.35296	-22.5035	-8.24817	-4.08564	2.5427
1477010461050000	-22.7074	-7.8005	4.75311	2.56973	-0.495911	radar	0	-22.3177	-8.57758	-22.7061	-8.11829	-4.01391	2.65145
1477010461100000	-22.9039	-7.66854	4.75311	2.54494	-0.495911	lidar	0	-22.9861	-7.6724	-22.9049	-7.98301	-3.93923	2.75848
1477010461150000	-23.0694	-7.65326	4.5176	2.52794	-0.518668	radar	0	-23.2693	-8.32031	-23.1	-7.84243	-3.86163	2.8637
1477010461200000	-23.2506	-7.51994	4.5176	2.50201	-0.518668	lidar	0	-23.4777	-7.56583	-23.2911	-7.69663	-3.78118	2.967
1477010461250000	-23.4663	-7.33724	4.70847	2.48872	-0.480637	radar	0	-23.473	-7.02103	-23.4781	-7.54572	-3.69792	3.06828
1477010461300000	-23.6498	-7.19122	4.70847	2.46469	-0.480637	lidar	0	-23.5408	-7.36069	-23.6609	-7.3898	-3.61191	3.16746
1477010461350000	-23.8703	-6.94827	4.83532	2.42712	-0.483147	radar	0	-24.0505	-6.56968	-23.8393	-7.22897	-3.52321	3.26445
1477010461400000	-24.0491	-6.78699	4.83532	2.40297	-0.483147	lidar	0	-23.9384	-7.26171	-24.0132	-7.06336	-3.43189	3.35916
1477010461450000	-24.2509	-6.45998	4.9502	2.33627	-0.523912	radar	0	-24.3577	-5.94086	-24.1825	-6.89307	-3.33801	3.45149
1477010461500000	-24.4181	-6.27877	4.9502	2.31008	-0.523912	lidar	0	-24.2574	-6.4352	-24.347	-6.71823	-3.24166	3.54138
1477010461550000	-24.5665	-6.25109	4.75915	2.29652	-0.543054	radar	0	-24.788	-7.18367	-24.5066	-6.53896	-3.14289	3.62873
1477010461600000	-24.7203	-6.07048	4.75915	2.26936	-0.543054	lidar	0	-24.3008	-6.43799	-24.6612	-6.35538	-3.0418	3.71347
1477010461650000	-24.8363	-5.90379	4.70287	2.23686	-0.554761	radar	0	-24.6108	-6.00878	-24.8107	-6.16764	-2.93846	3.79553
1477010461700000	-24.9773	-5.7165	4.70287	2.20912	-0.554761	lidar	0	-25.146	-5.91902	-24.955	-5.97587	-2.83295	3.87484
1477010461750000	-25.1056	-5.43513	4.78844	2.16708	-0.557995	radar	0	-24.8975	-5.02285	-25.094	-5.7802	-2.72537	3.95132
1477010461800000	-25.2356	-5.23488	4.78844	2.13918	-0.557995	lidar	0	-25.1941	-5.64372	-25.2276	-5.58079	-2.61581	4.02492
1477010461850000	-25.3829	-5.15158	4.72267	2.15382	-0.50479	radar	0	-25.5328	-5.4399	-25.3556	-5.37777	-2.50435	4.09557
1477010461900000	-25.5089	-4.95254	4.72267	2.12858	-0.50479	lidar	0	-25.5713	-5.10241	-25.4779	-5.1713	-2.39109	4.16322
1477010461950000	-25.5618	-5.14745	4.33929	2.17662	-0.438428	radar	0	-25.0178	-6.55904	-25.5946	-4.96152	-2.27613	4.22781
1477010462000000	-25.682	-4.96739	4.33929	2.1547	-0.438428	lidar	0	-25.6952	-4.89995	-25.7055	-4.7486	-2.15956	4.2893
1477010462050000	-25.8103	-4.70856	4.43417	2.12497	-0.438159	radar	0	-25.8162	-4.40681	-25.8105	-4.53268	-2.04149	4.34764
1477010462100000	-25.9234	-4.51849	4.43417	2.10306	-0.438159	lidar	0	-25.9516	-4.26659	-25.9096	-4.31392	-1.92202	4.40279
1477010462150000	-26.0707	-4.3118	4.36559	2.0488	-0.514401	radar	0	-26.8953	-4.43966	-26.0027	-4.0925	-1.80125	4.45471
1477010462200000	-26.1671	-4.11654	4.36559	2.02308	-0.514401	lidar	0	-26.1198	-3.67723	-26.0897	-3.86856	-1.67928	4.50337
1477010462250000	-26.256	-3.84504	4.38476	1.95135	-0.596005	radar	0	-26.5652	-3.85723	-26.1706	-3.64227	-1.55623	4.54875
1477010462300000	-26.333	-3.64027	4.38476	1.92155	-0.596005	lidar	0	-25.9974	-3.24722	-26.2453	-3.41381	-1.4322	4.59081
1477010462350000	-26.3808	-3.29185	4.51621	1.84522	-0.65874	radar	0	-26.2976	-3.01078	-26.3138	-3.18332	-1.30729	4.62954
1477010462400000	-26.4372	-3.07363	4.51621	1.81228	-0.65874	lidar	0	-26.1741	-2.87885	-26.376	-2.95098	-1.18162	4.66493
1477010462450000	-26.4793	-2.96912	4.39195	1.79205	-0.653446	radar	0	-26.4681	-3.44967	-26.4319	-2.71697	-1.05529	4.69696
1477010462500000	-26.523	-2.75426	4.39195	1.75938	-0.653446	lidar	0	-26.674	-2.73852	-26.4815	-2.48143	-0.928411	4.72562
1477010462550000	-26.5906	-2.4217	4.51236	1.73604	-0.619361	radar	0	-26.657	-1.72382	-26.5247	-2.24456	-0.80109	4.75091
1477010462600000	-26.6235	-2.19878	4.51236	1.70507	-0.619361	lidar	0	-26.6691	-2.17333	-26.5616	-2.0065	-0.673434	4.77284
1477010462650000	-26.6441	-1.88977	4.58265	1.68474	-0.579324	radar	0	-26.3248	-1.32261	-26.5921	-1.76744	-0.545553	4.79141
1477010462700000	-26.6663	-1.66197	4.58265	1.65578	-0.579324	lidar	0	-26.4671	-1.53207	-26.6161	-1.52753	-0.417552	4.80664
1477010462750000	-26.6436	-1.5577	4.44837	1.61286	-0.617748	radar	0	-26.4998	-2.19526	-26.6338	-1.28695	-0.289538	4.81852
1477010462800000	-26.6491	-1.33557	4.44837	1.58197	-0.617748	lidar	0	-26.5998	-1.14277	-26.6451	-1.04586	-0.161616	4.8271
1477010462850000	-26.7041	-1.2264	4.32663	1.57252	-0.600746	radar	0	-27.2008	-1.67679	-26.65	-0.804425	-0.0338883	4.83238
1477010462900000	-26.701	-1.01028	4.32663	1.54248	-0.600746	lidar	0	-26.7355	-0.59539	-26.6485	-0.562811	0.0935412	4.83439
1477010462950000	-26.7056	-0.622116	4.55381	1.49705	-0.624887	radar	0	-26.9891	0.0351487	-26.6406	-0.321181	0.220572	4.83317
1477010463000000	-26.6852	-0.39554	4.55381	1.4658	-0.624887	lidar	0	-26.4553	0.0602653	-26.6264	-0.0796947	0.347104	4.82874
1477010463050000	-26.6782	-0.154834	4.59035	1.43328	-0.634337	radar	0	-26.9537	0.136943	-26.6059	0.161489	0.473041	4.82116
1477010463100000	-26.6432	0.0718018	4.59035	1.40156	-0.634337	lidar	0	-26.6201	0.57588	-26.5792	0.402213	0.598287	4.81045
1477010463150000	-26.6457	0.259757	4.49493	1.3954	-0.590228	radar	0	-26.8241	0.381506	-26.5462	0.642323	0.722748	4.79667
1477010463200000	-26.6035	0.480304	4.49493	1.36589	-0.590228	lidar	0	-26.7293	1.06082	-26.5069	0.881666	0.846334	4.77986
1477010463250000	-26.5499	0.655518	4.35113	1.36215	-0.52618	radar	0	-25.9562	2.60409	-26.4616	1.12009	0.968955	4.76007
1477010463300000	-26.5025	0.867638	4.35113	1.33584	-0.52618	lidar	0	-26.3986	1.42212	-26.4101	1.35745	1.09053	4.73737
1477010463350000	-26.4914	0.563	3.77369	1.31917	-0.517037	radar	0	-26.5072	-0.563928	-26.3526	1.59361	1.21096	4.71181
1477010463400000	-26.4425	0.745068	3.77369	1.29332	-0.517037	lidar	0	-26.3594	1.79315	-26.2891	1.82841	1.33018	4.68345
1477010463450000	-26.3711	1.18149	4.05234	1.269	-0.513195	radar	0	-26.3475	1.82827	-26.2197	2.06173	1.44811	4.65235
1477010463500000	-26.309	1.37413	4.05234	1.24334	-0.513195	lidar	0	-26.2502	2.18481	-26.1444	2.29342	1.56467	4.61859
1477010463550000	-26.2396	1.74313	4.16179	1.23978	-0.467555	radar	0	-26.069	2.27896	-26.0633	2.52336	1.67979	4.58223
1477010463600000	-26.1704	1.93911	4.16179	1.21641	-0.467555	lidar	0	-26.0641	2.80701	-25.9765	2.75141	1.79339	4.54334
1477010463650000	-26.0794	2.33008	4.44457	1.17846	-0.50779	radar	0	-26.3234	3.02388	-25.8841	2.97746	1.90543	4.502
1477010463700000	-25.9926	2.53436	4.44457	1.15307	-0.50779	lidar	0	-25.8345	3.42005	-25.7861	3.20139	2.01582	4.45828
1477010463750000	-25.9166	2.96139	4.67392	1.14598	-0.4907	radar	0	-26.1824	3.73376	-25.6826	3.42306	2.12452	4.41227
1477010463800000	-25.8186	3.17319	4.67392	1.12145	-0.4907	lidar	0	-25.6666	3.63509	-25.5737	3.64239	2.23146	4.36404
1477010463850000	-25.7001	3.3207	4.6255	1.08485	-0.506276	radar	0	-25.5773	3.13316	-25.4596	3.85924	2.3366	4.31367
1477010463900000	-25.5904	3.52397	4.6255	1.05953	-0.506276	lidar	0	-25.7492	3.99968	-25.3402	4.07353	2.43989	4.26125
1477010463950000	-25.4657	3.73214	4.62799	1.03453	-0.502943	radar	0	-25.3516	3.75691	-25.2157	4.28514	2.54127	4.20686
1477010464000000	-25.346	3.92978	4.62799	1.00939	-0.502943	lidar	0	-25.0214	4.52803	-25.0863	4.49399	2.64071	4.15058
1477010464050000	-25.1463	4.17436	4.63717	0.986869	-0.477733	radar	0	-24.2719	4.30917	-24.9518	4.69998	2.73817	4.09251
1477010464100000	-25.0173	4.36656	4.63717	0.962982	-0.477733	lidar	0	-25.0363	4.88499	-24.8126	4.90303	2.83361	4.03273
1477010464150000	-24.8277	4.64855	4.74687	0.940219	-0.471972	radar	0	-24.3609	4.95947	-24.6686	5.10304	2.92701	3.97132
1477010464200000	-24.6867	4.83895	4.74687	0.916621	-0.471972	lidar	0	-24.5041	5.35293	-24.5201	5.29995	3.01833	3.90839
1477010464250000	-24.503	5.06293	4.8859	0.874529	-0.510018	radar	0	-24.4379	5.24592	-24.367	5.49367	3.10754	3.84401
1477010464300000	-24.3452	5.2488	4.8859	0.849028	-0.510018	lidar	0	-24.1159	5.61152	-24.2095	5.68414	3.19464	3.77827
1477010464350000	-24.2202	5.27716	4.77539	0.799221	-0.547335	radar	0	-24.5638	4.75836	-24.0477	5.8713	3.27959	3.71127
1477010464400000	-24.0526	5.4466	4.77539	0.771854	-0.547335	lidar	0	-23.9153	5.94377	-23.8818	6.05508	3.36239	3.64309
1477010464450000	-23.8781	5.78167	4.71911	0.793329	-0.465317	radar	0	-23.5491	6.44495	-23.7117	6.23542	3.44302	3.57383
1477010464500000	-23.712	5.94849	4.71911	0.770063	-0.465317	lidar	0	-23.6471	6.29102	-23.5377	6.41227	3.52148	3.50357
1477010464550000	-23.5619	6.20791	4.75361	0.772898	-0.433394	radar	0	-23.7544	6.53746	-23.3598	6.58559	3.59775	3.4324
1477010464600000	-23.3914	6.37265	4.75361	0.751228	-0.433394	lidar	0	-23.0099	6.86182	-23.1781	6.75533	3.67185	3.36041
1477010464650000	-23.2009	6.36469	4.59812	0.699577	-0.45544	radar	0	-22.7862	5.74143	-22.9928	6.92146	3.74376	3.28768
1477010464700000	-23.0247	6.51148	4.59812	0.676805	-0.45544	lidar	0	-22.6991	7.063	-22.804	7.08393	3.8135	3.21431
1477010464750000	-22.7785	6.68961	4.76381	0.640837	-0.479861	radar	0	-22.418	6.76159	-22.6117	7.24273	3.88106	3.14038
1477010464800000	-22.5873	6.83055	4.76381	0.616844	-0.479861	lidar	0	-22.5083	7.31524	-22.4161	7.39782	3.94647	3.06598
1477010464850000	-22.2912	7.16106	5.1836	0.594729	-0.507871	radar	0	-22.0543	7.85452	-22.2173	7.54917	4.00974	2.99118
1477010464900000	-22.0762	7.30441	5.1836	0.569336	-0.507871	lidar	0	-22.1947	7.69478	-22.0154	7.69679	4.07087	2.91607
1477010464950000	-21.8005	7.84909	5.42965	0.639634	-0.399685	radar	0	-21.6178	9.0351	-21.8105	7.84064	4.12989	2.84074
1477010465000000	-21.5827	8.00975	5.42965	0.61965	-0.399685	lidar	0	-21.6473	7.94	-21.6026	7.98072	4.18681	2.76526
1477010465050000	-21.4277	8.09378	5.30392	0.599309	-0.394064	radar	0	-21.8637	7.78661	-21.392	8.11703	4.24166	2.68971
1477010465100000	-21.2087	8.24204	5.30392	0.579606	-0.394064	lidar	0	-21.0853	7.83229	-21.1787	8.24957	4.29447	2.61417
1477010465150000	-20.9176	8.65025	5.48542	0.623579	-0.319258	radar	0	-20.5503	9.28616	-20.9628	8.37833	4.34526	2.53871
1477010465200000	-20.6952	8.80941	5.48542	0.607617	-0.319258	lidar	0	-21.0519	8.50983	-20.7444	8.50333	4.39406	2.46341
1477010465250000	-20.3907	8.98864	5.64861	0.559042	-0.379397	radar	0	-19.9265	9.40847	-20.5237	8.62457	4.4409	2.38835
1477010465300000	-20.1511	9.13698	5.64861	0.540073	-0.379397	lidar	0	-20.21	8.68914	-20.3006	8.74206	4.48582	2.31358
1477010465350000	-19.9763	9.22222	5.44915	0.536945	-0.338852	radar	0	-20.2277	8.8532	-20.0753	8.85583	4.52884	2.23919
1477010465400000	-19.7422	9.36046	5.44915	0.520003	-0.338852	lidar	0	-20.0633	8.86724	-19.848	8.96589	4.57001	2.16524
1477010465450000	-19.6036	9.3508	5.16198	0.500533	-0.317008	radar	0	-19.9264	8.78179	-19.6186	9.07227	4.60937	2.09179
1477010465500000	-19.3773	9.47378	5.16198	0.484683	-0.317008	lidar	0	-19.4861	8.96665	-19.3873	9.17499	4.64694	2.01891
1477010465550000	-19.0314	9.74372	5.47215	0.475584	-0.330862	radar	0	-18.5719	10.2069	-19.1542	9.27409	4.68278	1.94666
1477010465600000	-18.7884	9.86791	5.47215	0.459041	-0.330862	lidar	0	-18.6786	9.19191	-18.9193	9.36959	4.71692	1.8751
1477010465650000	-18.6912	9.72041	5.15456	0.395707	-0.375201	radar	0	-19.2825	8.98189	-18.6827	9.46154	4.7494	1.80429
1477010465700000	-18.4536	9.81855	5.15456	0.376947	-0.375201	lidar	0	-18.4242	9.46852	-18.4446	9.54996	4.78028	1.73429
1477010465750000	-18.2445	9.65834	5.13193	0.29095	-0.45761	radar	0	-18.1634	8.72444	-18.2049	9.63492	4.80959	1.66514
1477010465800000	-17.9989	9.73028	5.13193	0.268069	-0.45761	lidar	0	-17.7736	9.72478	-17.9639	9.71643	4.83737	1.59691
1477010465850000	-17.7064	9.86157	5.05048	0.267421	-0.41831	radar	0	-17.2296	9.97767	-17.7214	9.79457	4.86368	1.52964
1477010465900000	-17.4633	9.9269	5.05048	0.246505	-0.41831	lidar	0	-17.3436	9.88109	-17.4777	9.86936	4.88856	1.46338
1477010465950000	-17.194	10.0373	5.11214	0.234854	-0.411516	radar	0	-17.1554	10.212	-17.2328	9.94087	4.91205	1.39818
1477010466000000	-16.946	10.0954	5.11214	0.214279	-0.411516	lidar	0	-16.8876	10.145	-16.9868	10.0091	4.93421	1.33408
1477010466050000	-16.6888	10.152	5.09331	0.197351	-0.403946	radar	0	-16.5958	10.1078	-16.7396	10.0743	4.95507	1.27113
1477010466100000	-16.4398	10.2007	5.09331	0.177153	-0.403946	lidar	0	-16.5153	10.3091	-16.4915	10.1362	4.97469	1.20937
1477010466150000	-16.1534	10.3256	5.15738	0.177554	-0.383979	radar	0	-16.09	10.5824	-16.2424	10.1952	4.99311	1.14883
1477010466200000	-15.9004	10.37	5.15738	0.158355	-0.383979	lidar	0	-16.006	10.1843	-15.9924	10.2511	5.01039	1.08956
1477010466250000	-15.6636	10.4276	5.06106	0.154863	-0.357548	radar	0	-15.7234	10.41	-15.7416	10.3041	5.02655	1.03159
1477010466300000	-15.4144	10.4658	5.06106	0.136986	-0.357548	lidar	0	-15.5699	10.1904	-15.4899	10.3543	5.04166	0.974957
1477010466350000	-14.9824	10.6249	5.47383	0.130632	-0.369123	radar	0	-14.2385	10.9109	-15.2376	10.4016	5.05576	0.919692
1477010466400000	-14.712	10.6594	5.47383	0.112176	-0.369123	lidar	0	-14.9365	10.4722	-14.9846	10.4462	5.06889	0.865828
1477010466450000	-14.5763	10.5251	5.01221	0.0861314	-0.334562	radar	0	-14.724	9.63507	-14.7309	10.4882	5.0811	0.813394
1477010466500000	-14.3275	10.546	5.01221	0.0694033	-0.334562	lidar	0	-14.4088	10.222	-14.4766	10.5276	5.09243	0.762418
1477010466550000	-14.0534	10.5697	5.04165	0.0546828	-0.3324	radar	0	-13.9005	10.5238	-14.2218	10.5645	5.10293	0.712926
1477010466600000	-13.8026	10.5829	5.04165	0.0380628	-0.3324	lidar	0	-13.8049	10.9383	-13.9665	10.5989	5.11263	0.664944
1477010466650000	-13.5255	10.6825	4.92263	0.0635203	-0.274173	radar	0	-13.3956	10.7857	-13.7107	10.631	5.12159	0.618496
1477010466700000	-13.2808	10.6979	4.92263	0.0498116	-0.274173	lidar	0	-13.3556	10.5517	-13.4545	10.6608	5.12983	0.573603
1477010466750000	-13.0092	10.7304	4.99667	0.0380003	-0.277723	radar	0	-12.9374	10.8137	-13.1979	10.6884	5.13741	0.530288
1477010466800000	-12.7605	10.7396	4.99667	0.0241141	-0.277723	lidar	0	-12.9591	11.0099	-12.9409	10.7138	5.14436	0.48857
1477010466850000	-12.424	10.8948	5.08763	0.061719	-0.22538	radar	0	-12.2518	11.2495	-12.6836	10.7373	5.15071	0.448467
1477010466900000	-12.171	10.9104	5.08763	0.05045	-0.22538	lidar	0	-12.3713	10.6091	-12.426	10.7587	5.15651	0.409997
1477010466950000	-11.9169	10.9461	5.04158	0.0549779	-0.201504	radar	0	-11.9352	10.9161	-12.1681	10.7783	5.16179	0.373177
1477010467000000	-11.6661	10.96	5.04158	0.0449027	-0.201504	lidar	0	-11.9451	11.0515	-11.91	10.7961	5.16658	0.338022
1477010467050000	-11.3363	11.0127	5.15101	0.0485997	-0.18978	radar	0	-10.9703	10.9676	-11.6516	10.8121	5.17092	0.304546
1477010467100000	-11.0799	11.0253	5.15101	0.0391107	-0.18978	lidar	0	-11.4548	10.9407	-11.393	10.8265	5.17484	0.272761
1477010467150000	-10.9889	10.7729	5.08482	-0.0887652	-0.335916	radar	0	-11.3472	10.5111	-11.1342	10.8394	5.17836	0.242681
1477010467200000	-10.7365	10.7496	5.08482	-0.105561	-0.335916	lidar	0	-10.6009	10.6823	-10.8753	10.8509	5.18153	0.214317
1477010467250000	-10.5196	10.7326	4.97057	-0.116582	-0.324112	radar	0	-10.6563	10.8369	-10.6161	10.8609	5.18435	0.187679
1477010467300000	-10.2736	10.703	4.97057	-0.132787	-0.324112	lidar	0	-10.4142	10.8747	-10.3569	10.8697	5.18687	0.162776
1477010467350000	-9.99237	10.8277	4.72289	-0.078351	-0.227511	radar	0	-9.90413	11.2255	-10.0976	10.8772	5.1891	0.139618
1477010467400000	-9.75775	10.8092	4.72289	-0.0897265	-0.227511	lidar	0	-9.83445	11.1032	-9.83809	10.8837	5.19106	0.118212
1477010467450000	-9.70284	10.6532	4.42863	-0.146022	-0.261025	radar	0	-10.195	10.3498	-9.57852	10.8891	5.19278	0.0985664
1477010467500000	-9.48454	10.6209	4.42863	-0.159073	-0.261025	lidar	0	-9.3066	11.0348	-9.31887	10.8936	5.19428	0.0806865
1477010467550000	-9.28922	10.5583	4.31218	-0.175486	-0.255199	radar	0	-9.2226	10.3527	-9.05915	10.8972	5.19557	0.0645787
1477010467600000	-9.07772	10.5206	4.31218	-0.188246	-0.255199	lidar	0	-8.78899	11.0707	-8.79937	10.9001	5.19667	0.050248
1477010467650000	-8.9105	10.4122	4.18552	-0.21999	-0.26509	radar	0	-8.83914	10.0319	-8.53953	10.9023	5.19759	0.0376992
1477010467700000	-8.70709	10.3665	4.18552	-0.233244	-0.26509	lidar	0	-8.62045	10.6577	-8.27965	10.9039	5.19835	0.0269359
1477010467750000	-8.31839	10.5254	4.32219	-0.156434	-0.175	radar	0	-7.91543	11.1157	-8.01974	10.905	5.19896	0.0179617
1477010467800000	-8.10576	10.4921	4.32219	-0.165184	-0.175	lidar	0	-7.51971	11.0005	-7.75979	10.9057	5.19942	0.0107791
1477010467850000	-7.72667	10.5861	4.45187	-0.101271	-0.0956765	radar	0	-7.25987	10.6458	-7.49981	10.9061	5.19975	0.00539029
1477010467900000	-7.506	10.5643	4.45187	-0.106055	-0.0956765	lidar	0	-7.15631	10.815	-7.23983	10.9063	5.19994	0.00179692
1477010467950000	-7.24115	10.6646	4.42978	-0.0453547	-0.0178025	radar	0	-7.39396	11.0181	-6.97983	10.9064	5.2	-7.84874e-15
